Chr	Start	Length	SNPs
BgChr5	131244	9067	6
BgChr5	144877	1	1
BgChr5	155240	5044	7
BgChr5	165719	7421	5
BgChr5	181106	9922	6
BgChr5	193687	9811	10
BgChr5	204911	2044	4
BgChr5	218134	4462	3
BgChr5	236421	4160	2
BgChr5	247962	71053	456
BgChr5	319054	40097	499
BgChr5	359158	211379	2746
BgChr5	570738	19892	284
BgChr5	590765	86344	1330
BgChr5	677129	460950	7762
BgChr5	1138374	614863	9048
BgChr5	1753512	581056	8645
BgChr5	2334684	318192	4613
BgChr5	2665050	518	6
BgChr5	2680670	9990	121
BgChr5	2690672	9654	93
BgChr5	2700676	885895	13049
BgChr5	3594046	1015186	18200
BgChr5	4609275	218848	3302
BgChr5	4828304	501201	8402
BgChr5	5329667	702392	5052
BgChr5	6034409	348889	5519
BgChr5	6392176	47392	7
BgChr5	6766908	339702	104
BgChr5	7112695	40128	476
BgChr5	7153135	9000	14
BgChr5	7163339	167868	1556
BgChr5	7331321	448080	6076
BgChr5	7780114	582393	7813
BgChr5	8362572	380251	5804
BgChr5	8743260	1126071	13872
BgChr5	9869645	62835	623
BgChr5	9932491	4699238	46121
BgChr5	14643276	14920	4
BgChr5	14676040	23216886	121253
BgChr5	37981989	1	1
BgChr5	38131740	1	1
BgChr5	38186822	1	1
BgChr5	38264475	94557	371
BgChr5	38493597	1	1
BgChr5	38536920	125207	10
BgChr5	38737263	3	2
BgChr5	38820839	801719	17
BgChr5	39634500	1	1
BgChr5	39675885	1157240	1117
BgChr5	40848571	1	1
BgChr5	40904932	1	1
BgChr5	40923139	9370	2
BgChr5	40952311	770322	7266
BgChr5	41732013	1	1
BgChr5	41924341	1	1
BgChr5	42465985	161237	211
BgChr5	42635426	71495	181
BgChr5	42712195	168589	422
BgChr5	43448746	1	1
BgChr5	43734781	1	1
BgChr5	43789013	20	2
BgChr5	43855029	1	1
BgChr5	44292813	1	1
BgChr5	44386260	1	1
BgChr5	44464353	6278	4
BgChr5	44495007	7602	2
BgChr5	44510955	421573	3299
BgChr5	44932605	1769915	23175
BgChr5	46960903	1	1
BgChr5	47194557	1	1
BgChr5	47261807	2191602	12156
BgChr5	49529000	1	1
BgChr5	49600095	458	2
BgChr5	49625076	1698	25
BgChr5	49643704	1	1
BgChr5	49690611	11	2
BgChr5	49730432	93381	1066
BgChr5	49823915	5451	53
BgChr5	49851014	7618	54
BgChr5	49885290	1	1
BgChr5	49921856	259770	2440
BgChr5	50197727	40962	534
BgChr5	50239201	5762	66
BgChr5	50252345	313401	2856
BgChr5	50565754	802917	8887
BgChr5	51368689	1082768	13764
BgChr5	52451489	39208	587
BgChr5	52501064	1	1
BgChr5	52518785	20364	228
BgChr5	52561165	9523	6
BgChr5	52593221	61998	947
BgChr5	52656178	12244	153
BgChr5	52687910	4049	2
BgChr5	52719187	233455	3193
BgChr5	52952695	136524	1591
BgChr5	53090033	9964	8
BgChr5	53100624	4587	7
BgChr5	53116819	1	1
BgChr5	53144504	6207	11
BgChr5	53163779	1	1
BgChr5	53182716	7808	4
BgChr5	53195707	402	2
BgChr5	53343001	1	1
BgChr5	53396219	1	1
BgChr5	53460329	1	1
BgChr5	53481402	27951	31
BgChr5	53512847	1	1
BgChr5	53525523	962	3
BgChr5	53539300	1350	2
